83.02665511929416 360.3479423098682
40.032410728484734 178.28589942721598
48.25858546656709 213.12019409027297
26.5964376792329 121.39036059118635
63.406893016059 277.2667294638483
19.96755272132092 93.31989779850794
55.74148039411953 244.80702000126985
77.88014217510667 338.5546843141286
15.887077543080032 76.04084900002981
32.55149353226922 146.60744835365549
24.11399967585353 110.8783085565798
96.45357280919666 417.20513561277966
75.28883835173163 327.5816325836478
81.68144135328077 354.6515434121912
43.56282418862386 193.2356745862077
12.93139484379623 63.524810214625546
81.67332982688116 354.6171946036905
72.62818766946504 316.3149268774737
57.001564653830634 250.14293223272932
58.543507458718096 256.67239358374746
62.93072167135796 275.25034962029457
81.06307911843439 352.0330466037746
59.04340058911966 258.78922493718716
90.18675019699529 390.6678503708399
40.45390159492977 180.07073107825823
39.40618332117928 175.63409701276282
12.05655651620365 59.82024800239615
60.61827029621968 265.4581174880683
93.76422442105708 405.8169075253819
16.607548663618054 79.09173280789004
88.81062087010044 384.8405374345353
88.476931910155 383.4275089095348
36.269560919600316 162.35185679027788
71.15426198826034 310.0734886482512
97.17265491463709 420.25013754203394
46.011039792734955 203.6028095508341
17.529605141343346 82.99624347824697
86.97909487520303 377.08481643167977
54.081426805885165 237.77741053025815
84.18861130737876 365.268324568942
63.48128280930101 277.58173808695955
84.73668636985683 367.5891855804946
26.803781404052913 122.26837165184125
54.03490659311954 237.58041753523167
64.21288583615961 280.6797607068776
17.13354265399442 81.31909002253131
86.32615754995278 374.31990905875693
75.62192880915606 328.9921267091446
3.851159390810064 25.073937548991914
65.54005077408624 286.29973061831066
91.08471820621023 394.4703567880916
33.790378115844746 151.8535891191808
65.27263985763818 285.16736096215124
22.263614927651084 103.0427288842306
15.998626919254901 76.51321239648999
24.410266374463447 112.13286997872565
39.2640106436996 175.03205717066757
89.82793850345412 389.148437927107
46.83089003647324 207.0745209937904
80.21951771654365 348.4609286540052
9.991930437640308 51.077448891071555
50.798211259485704 223.8744116970156
72.95482769177738 317.6981061981488
94.06288367397894 407.0816003809769
55.71312909144934 244.6869644878946
99.00457144504634 428.00751229399265
28.1379621376169 127.91805042557168
14.459401323936195 69.99525725361758
91.98437304523758 398.28000620055093
47.410621999799936 209.5294352983244
53.179768747050026 233.95927834770438
46.1785045761948 204.31195053050712
16.84687474190525 80.10517531270527
91.69050285636096 397.03559296135415
90.9652152806285 393.96431354741736
20.022288916231908 93.55168192697252
14.924380614285905 71.96424358419931
1.193438000770751 13.819636129360198
26.377314243035475 120.46246754403938
21.22394420311452 98.6401727115054
10.118328564073042 51.612690327243946
20.349033862684646 94.93530555603401
73.53001336944952 320.1337689478404
7.350138303570547 39.89060098584646
34.29985550165067 154.01100565194275
9.84325967675948 50.44789247424411
33.213545047315115 149.41095038121006
80.18193406722223 348.30177814278227
75.97960290770648 330.5067219297602
50.00352485506522 220.50925823775884
13.063902315580853 64.08592208790411
19.56865124341667 91.63072244480219
8.915831397663847 46.52063454677632
11.598159775426272 57.87913592427532
89.737176115243 388.76409844053705
88.25919658279317 382.50549390336596
52.07689866219451 229.28910019879194
97.35092856031791 421.00504938162254
66.22037958750484 289.1806291050252
32.76586716835257 147.51522805018297
